1, 24, 20, 17, 1, 31, 18, 17, 1, 8,
5, 22, 13, 32, 35, 33, 2, 27, 25,
11, 20, 19, 3, 35, 26, 15, 3, 13, 22,
0, 10, 21, 12, 2, 25, 24, 35, 4,
35, 34, 14, 36, 29, 7, 13, 5, 32,
34, 19, 0, 36, 9, 18, 3, 16, 12, 2,
14, 6, 4, 7, 5, 14, 16, 36, 0, 29,
17, 16, 1, 9, 21, 7, 26, 17, 23, 6,
8, 5, 1, 35, 20, 30, 8, 13, 15, 17,
15, 10, 9, 31, 33, 12, 6, 34, 7, 0,
9, 10, 16, 18, 6, 6, 11, 25, 17, 15,
32, 4, 12, 35, 31, 5, 21, 6, 34, 30,
21, 16, 12, 27, 30, 25, 26, 31, 24,
14, 30, 21, 13, 35, 36, 8, 30, 9,
30, 17, 21, 7, 1, 33, 29, 13, 29,
18, 25, 1, 27, 25, 32, 14, 34, 12,
21, 13, 30, 17, 6, 2, 9, 16, 29, 0,
21, 34, 17, 4, 25, 14, 36, 24, 30,
15, 20, 24, 13, 23, 28, 36, 36, 26,
14, 6, 8, 34, 35, 33, 15, 23, 16,
18, 13, 0, 23, 34, 22, 36, 31, 21,
8, 33, 33, 33, 19, 36, 35, 2, 4, 7,
32, 0, 4, 30, 5, 17, 26, 5, 31, 36,
15, 25, 29, 15, 32, 12, 28, 17, 1,
0, 16, 17, 26, 18, 11, 13
